以下為結果與志願分析
,中0個,中1個,中2個,第1志願,第2志願,第3志願,第4志願,第5志願,第6志願,第7志願,第8志願,第9志願,第10志願
十選二實驗,56,209,5,182,20,5,4,5,0,3,0,0,0

以下為結果與選填志願分析
Tenselecttwo
,第1志願,第2志願,第3志願,第4志願,第5志願,第6志願,第7志願,第8志願,第9志願,第10志願
電力電子,24,0,0,0,0,0,0,0,0,0
自動控制,25,0,0,0,0,0,0,0,0,0
嵌入式系統,24,0,0,0,0,0,0,0,0,0
電磁波,22,2,0,0,0,0,0,0,0,0
半導體,14,0,0,0,0,0,0,0,0,0
通信專題,24,0,0,0,0,0,0,0,0,0
網路與多媒體,20,5,0,2,1,0,2,0,0,0
生醫工程,22,7,1,0,0,0,0,0,0,0
光電,7,6,4,2,4,0,1,0,0,0
數位電路,0,0,0,0,0,0,0,0,0,0


以下為結果與年級分析
十選二實驗
,大1,大2,大3,大4
電力電子,0,0,10,14
自動控制,0,1,18,6
嵌入式系統,0,0,10,14
電磁波,0,0,12,12
半導體,0,0,5,9
通信專題,0,0,14,10
網路與多媒體,0,0,18,12
生醫工程,0,1,14,15
光電,0,0,5,19
數位電路,0,0,0,0


以下為選填志願與年級分析
Tenselecttwo
電力電子
,第1志願,第2志願,第3志願,第4志願,第5志願,第6志願,第7志願,第8志願,第9志願,第10志願
大1,0,0,0,0,0,0,0,0,0,0
大2,0,0,0,0,0,0,0,0,0,0
大3,14,5,12,6,4,2,4,4,1,0
大4,17,15,10,4,8,4,0,1,0,0

自動控制
,第1志願,第2志願,第3志願,第4志願,第5志願,第6志願,第7志願,第8志願,第9志願,第10志願
大1,0,0,0,0,0,0,0,0,0,0
大2,3,0,0,0,0,0,0,0,0,0
大3,28,11,14,6,7,3,4,2,2,0
大4,8,8,17,10,9,1,4,0,1,0

嵌入式系統
,第1志願,第2志願,第3志願,第4志願,第5志願,第6志願,第7志願,第8志願,第9志願,第10志願
大1,0,0,0,0,0,0,0,0,0,0
大2,0,0,0,0,0,0,0,0,0,0
大3,17,20,6,9,3,5,5,2,2,0
大4,31,16,6,3,3,2,3,0,0,0

電磁波
,第1志願,第2志願,第3志願,第4志願,第5志願,第6志願,第7志願,第8志願,第9志願,第10志願
大1,0,0,0,0,0,0,0,0,0,0
大2,0,0,0,0,0,0,0,0,0,0
大3,11,15,7,4,5,1,5,3,3,0
大4,11,14,8,9,4,0,2,2,1,0

半導體
,第1志願,第2志願,第3志願,第4志願,第5志願,第6志願,第7志願,第8志願,第9志願,第10志願
大1,0,0,0,0,0,0,0,0,0,0
大2,0,2,0,0,0,0,0,0,0,0
大3,22,11,11,6,9,5,1,2,1,0
大4,32,10,6,8,5,1,1,0,1,0

通信專題
,第1志願,第2志願,第3志願,第4志願,第5志願,第6志願,第7志願,第8志願,第9志願,第10志願
大1,0,0,0,0,0,0,0,0,0,0
大2,0,0,0,0,0,0,0,0,0,0
大3,15,17,6,7,5,2,3,3,3,0
大4,12,13,10,6,2,8,0,2,1,0

網路與多媒體
,第1志願,第2志願,第3志願,第4志願,第5志願,第6志願,第7志願,第8志願,第9志願,第10志願
大1,0,0,0,0,0,0,0,0,0,0
大2,0,0,0,0,0,0,0,0,0,0
大3,13,9,3,8,5,5,2,2,5,0
大4,7,7,8,5,2,0,5,3,1,0

生醫工程
,第1志願,第2志願,第3志願,第4志願,第5志願,第6志願,第7志願,第8志願,第9志願,第10志願
大1,0,0,0,0,0,0,0,0,0,0
大2,1,0,0,0,0,0,0,0,0,0
大3,10,9,6,11,3,5,2,5,1,0
大4,11,12,9,6,4,4,2,3,0,0

光電
,第1志願,第2志願,第3志願,第4志願,第5志願,第6志願,第7志願,第8志願,第9志願,第10志願
大1,0,0,0,0,0,0,0,0,0,0
大2,0,0,0,0,0,0,0,0,0,0
大3,0,7,7,2,6,4,4,4,8,0
大4,7,11,7,9,5,3,2,2,2,0

數位電路
,第1志願,第2志願,第3志願,第4志願,第5志願,第6志願,第7志願,第8志願,第9志願,第10志願
大1,0,0,0,0,0,0,0,0,0,0
大2,0,0,0,0,0,0,0,0,0,0
大3,0,0,0,0,0,0,0,0,0,0
大4,0,0,0,0,0,0,0,0,0,0

